classname                z logMBH_disk_nowise logMBH_disk_nowise_sup logMBH_disk_nowise_inf 
GB6J001115+144608 4.964320              9.200                  9.400                  9.000 
GB6J083548+182519 4.412660              8.600                  9.300                  8.200 
GB6J083945+511206 4.402590              9.500                  9.700                  9.100 
GB6J091825+063722 4.217040              9.600                  9.800                  9.400 
GB6J102107+220904 4.262120              9.200                  9.500                  8.600 
GB6J102623+254255 5.277460              9.400                  9.800                  9.000 
GB6J132512+112338 4.417710              9.000                  9.300                  8.800 
GB6J134811+193520 4.404100              9.200                  9.500                  9.100 
GB6J141212+062408 4.467400              8.500                  9.500                  7.800 
GB6J143023+420450 4.715000              9.500                  9.600                  9.100 
GB6J151002+570256 4.313240              9.000                  9.200                  8.700 
GB6J153533+025419 4.387191              9.400                  9.600                  9.000  
GB6J162956+095959 5.000000              9.100                  9.500                  8.300 
GB6J164856+460341 5.360000              9.200                  9.500                  8.500 
GB6J171103+383016 4.000000              8.700                  9.000                  8.400 
GB6J235758+140205 4.351520              9.200                  9.400                  8.900
