GB6J001115p144608
	8.02178971890581
	1549.0466180795797
	11.241818170612952
	4.999999999997744
	1524.6902973822996
	16.00370257308151
GB6J003126p150729
	4.68527436336927
	1547.5175459131465
	3.7575222536904245
	2.221095073379066
	1539.8450863927721
	24.365169012265618
GB6J012126p034646
	18.296223221605064
	1548.729598346574
	2.39727559629189
	15.439400527222938
	1547.4085004968026
	4.557153268692938
	4.87244724915152
	1544.0731232367928
	19.28416627365673
GB6J083548p182519
	2.551621994613166
	1544.9202187726798
	7.5030277849064255
	1.835206644179291
	1525.6872974325017
	19.224417039826147
GB6J083945p511206
	7.145657703688373
	1545.2891924396674
	10.183905270640803
	4.174380830884937
	1537.0875393599686
	24.794560066461827
GB6J091825p063722
	3.8841337841231622
	1557.836514598614
	10.69788823582883
	2.011543739612588
	1535.0000000000002
	24.999999999999996
GB6J102107p220904
	4.895384032240556
	1547.6640988518893
	5.108265094170131
	1.8160615154782356
	1550.0827284056911
	30.293256898989927
GB6J102623p254255
	5.272628359976857
	1543.6453950829286
	7.187223812418549
	3.794866879707885
	1541.592183449345
	16.24323019522657
GB6J132512p112338
	14.182766771688426
	1550.5101019826138
	5.4134907980339495
	11.203376928506533
	1547.9184868083737
	16.23078641254455
GB6J134811p193520
	2.9121833117572753
	1546.4671225718728
	9.300402647612406
	1.1648348442443481
	1535.9564353136252
	30.765105572425853
GB6J141212p062408
	1.0469478823539362
	1546.6168211426075
	8.917130383430804
	0.5910169586333857
	1549.8305780571845
	36.748363851919784
GB6J143023p420450
	2.728557543325048
	1543.97436678737
	14.187620150672519
GB6J151002p570256
	8.096319555966042
	1547.276354471778
	3.395260677833422
	4.087368659324811
	1542.9365543301456
	16.45312882892597
GB6J153533p025419
	1.2118977312414076
	1533.1847009097141
	12.036657185849815
	0.5608756044109344
	1528.6415594054827
	43.305718014562196
GB6J161216p470311
	2.4483137220668514
	1550.9506156669652
	4.337596323281498
	1.668391898169356
	1558.5994704755074
	16.70657799606744
GB6J162956p095959
	0.9110053845987903
	1546.237218618658
	5.699051035472607
	0.4535915517146461
	1535.0000000048567
	9.283916635237459
GB6J164856p460341
	2.4898801210217787
	1550.7340393539905
	8.49114657713811
	0.9415683006622619
	1535.0000000000018
	14.999999999999998
GB6J171103p383016
	7.170479444323669
	1547.338278749465
	5.06276320204779
	0.9682200803141807
	1544.6029411781294
	33.14766716172077
GB6J235758p140205
	1.82707810378684
	1553.5994739148034
	12.24084326692647
	0.9511708602813153
	1530.0000295155671
	22.089965941460193
