Spettro			Redshift	Flusso(CIV)	FWHM(A-CIV)	FWHM(km/s-CIV)	MgII(A)		Flux(1350)	M(solari)
GGB6J001115+144608	4.96		3.0e-15		200		6500		16688		7.8e-17		9.65e9
GB6J083548+182519	4.41		1.8e-15		220		7800		15148		0.6e-17		2.93e9	
GB6J083945+511206	4.40		1.8e-15		120		4400		15120		3.8e-17		2.47e9
GB6J102623+254255	5.28		3.0e-15		180		5550		17584		1.87e-17	3.67e9
GB6J132512+112338	4.42		5.5e-15		125		4470		15176		2.35e-17	1.99e9
GB6J134811+193520	4.40		1.5e-15		190		6800		15120		1.55e-17	3.66e9	
GB6J141212+062408	4.47		3.0e-15(?)	186		6580		15316		1.96e-17	4.00e9
GB6J143023+420450	4.72		6.3e-15		230		7700		16016		2.15e-17	6.29e9	
GB6J153533+025419	4.39		1.1e-15		180		6470		15092		1.38e-17	3.10e9	
GB6J162956+095959	4.95(?)		0.6e-15		190		6200		6200		0.8e-17		2.62e9	
GB6J164856+460341	5.36		0.6e-15		150		4560		17808		0.9e-17		1.72e9
GB6J235758+140205	4.30		1.8e-15		190		6950		6950		1.5e-17		3.61e9










GGB6J001115+144608	8791-8910 /~/ 9536-10012
