#   redshift       sigma    errsigma        fwhm     errfwhm     lumriga     errlumr     lum1350     errlumc        Lbol     Lbolmax     Lbolmin     M_sigma errM_sigmat errM_sigmab      M_FWHM  errM_fwhmt  errM_fwhmb   eddratios    eddrmaxs    eddrmins   eddratiof    eddrmaxf    eddrminf
#
        4.96        5025         792        8090       491.6       45.09       30.04        1537       119.6        6148        1542       777.8   6.624e+09       0.119     -0.1645   1.462e+10     0.04982    -0.05628      0.7366      0.1847     0.09318      0.3338     0.08371     0.04223
        4.29        4149       360.8        2419       151.6       44.52       8.737       207.2       26.18       828.7       208.8       106.8   1.561e+09     0.06966      -0.083   4.519e+08     0.05132     -0.0582      0.4213      0.1062     0.05431       1.456      0.3668      0.1877
        4.13        2575       57.31        1548       16.96       45.44       3.649         552       27.76        2208       552.7       277.4   1.011e+09     0.01892    -0.01978   3.111e+08    0.009416   -0.009625       1.733      0.4339      0.2178       5.632        1.41      0.7076
        4.41        3331       219.9        5864        1071       44.41       4.982       53.15       48.42       212.6        71.9       55.23   4.894e+08      0.1031     -0.1354   1.291e+09      0.1563     -0.2466      0.3447      0.1166     0.08956      0.1307      0.0442     0.03395
         4.4        3912       202.2        6077       188.8       44.93       8.451       483.9       50.28        1936       486.5       247.1   2.176e+09     0.04275    -0.04743    4.47e+09     0.02621    -0.02789       0.706      0.1774     0.09013      0.3437     0.08638     0.04387
         4.2        7020       793.7        6251       750.4       44.76       21.87       394.9       29.21        1580         396       199.6   6.293e+09     0.08853     -0.1113   4.247e+09     0.09345     -0.1192      0.1992     0.04994     0.02517      0.2952       0.074      0.0373
        4.26        4904       479.4        2942       177.9       44.55       8.781       89.55       23.35       358.2       92.55        50.5   1.399e+09     0.07789    -0.09499   4.284e+08     0.05016    -0.05671      0.2033     0.05252     0.02866      0.6636      0.1715     0.09356
        5.28        2913       369.9        4471       256.6        44.9        11.4       367.5       80.77        1470       376.3       200.7   1.043e+09     0.09841     -0.1274   2.091e+09     0.04751    -0.05335       1.119      0.2864      0.1528      0.5579      0.1428     0.07618
        4.42        2647       48.33        3580       77.65        45.1        5.97       298.7       57.12        1195       304.1       159.9   7.713e+08     0.01617     -0.0168   1.201e+09     0.01894     -0.0198       1.229      0.3129      0.1645      0.7891      0.2009      0.1056
         4.4        5235       466.8        5419         289       44.51       6.571       197.8       50.06       791.3       204.1       110.9   2.426e+09      0.0716    -0.08578   2.213e+09      0.0446    -0.04971      0.2589     0.06675     0.03626      0.2839      0.0732     0.03977
        4.37        8846        1006        5980       378.2       44.21       5.509       247.5       37.52       990.1       250.4       129.3   7.801e+09     0.08905     -0.1121   3.034e+09     0.05178    -0.05881      0.1007     0.02547     0.01316       0.259     0.06548     0.03382
        4.72        2856       248.9        6696       585.6       44.35       7.331       348.8       62.85        1395       354.5       185.4   9.752e+08     0.06987     -0.0833   4.563e+09     0.07009    -0.08363       1.136      0.2885      0.1509      0.2427     0.06165     0.03224
        4.31        2687       121.2        2071       111.8       44.64       6.007       225.2       22.32       900.7       226.3       114.8   6.845e+08     0.03753    -0.04108    3.46e+08     0.04456    -0.04966       1.044      0.2624      0.1331       2.066      0.5189      0.2632
        4.37        4974       285.9        6909       573.5       44.21       3.558       178.2        21.1       712.7       179.4       91.55   2.072e+09     0.04728    -0.05306   3.403e+09     0.06671    -0.07886       0.273     0.06873     0.03507      0.1662     0.04185     0.02135
        4.33        3091         176        3251       668.1       44.22       3.507       114.2       19.71       456.7       115.9        60.4   6.318e+08     0.04697    -0.05268   5.952e+08      0.1495     -0.2299      0.5737      0.1455     0.07586       0.609      0.1545     0.08053
        4.97        2324        1281        3193       441.3       43.79       4.745       153.7       17.59         615       154.7       78.86   4.185e+08      0.3227       -1000   6.722e+08       0.106     -0.1405       1.166      0.2935      0.1496      0.7261      0.1827      0.0931
        5.36        6205        2369        4587       258.6       44.51       18.45       176.9        19.7       707.6         178       90.62   3.212e+09      0.2464     -0.6264   1.494e+09     0.04642    -0.05198      0.1749     0.04399     0.02239      0.3759     0.09456     0.04814
        3.98        4656       509.8        2516       44.92       44.42       5.938       106.9       15.26       427.7         108        55.6   1.385e+09     0.08602     -0.1074   3.442e+08     0.01543      -0.016      0.2451     0.06189     0.03186      0.9861       0.249      0.1282
        4.25        4044       745.9        8554       396.4       44.26       5.112       172.9       18.58       691.6       173.9       88.42   1.348e+09      0.1364     -0.1999   5.133e+09     0.03851    -0.04226      0.4073      0.1024     0.05208      0.1069     0.02688     0.01367
