#   redshift       sigma    errsigma        fwhm     errfwhm     lumriga     errlumr     lum1350    errlumct    errlumcb        Lbol     Lbolmax     Lbolmin     M_sigma errM_sigmat errM_sigmab      M_FWHM  errM_fwhmt  errM_fwhmb   eddratios    eddrmaxs    eddrmins   eddratiof    eddrmaxf    eddrminf
#
        4.96        5025         792        8090       491.6       45.09      0.9733       47.19     0.03254    -0.03518       47.79     0.09717    -0.05173       9.821       0.119     -0.1645       10.16     0.04982    -0.05628      0.7366      0.1847     0.09318      0.3338     0.08371     0.04223
        4.29        4149       360.8        2419       151.6       44.52      0.9704       46.32     0.05168    -0.05868       46.92      0.0976    -0.05267       9.193     0.06966      -0.083       8.655     0.05132     -0.0582      0.4213      0.1062     0.05431       1.456      0.3668      0.1877
        4.13        2575       57.31        1548       16.96       45.44      0.9414       46.74      0.0213     -0.0224       47.34     0.09702     -0.0514       9.005     0.01892    -0.01978       8.493    0.009416   -0.009625       1.733      0.4339      0.2178       5.632        1.41      0.7076
        4.41        3331       219.9        5864        1071       44.41      0.9679       45.73      0.2813      -1.051       46.33      0.1265     -0.1003        8.69      0.1031     -0.1354       9.111      0.1563     -0.2466      0.3447      0.1166     0.08956      0.1307      0.0442     0.03395
         4.4        3912       202.2        6077       188.8       44.93      0.9618       46.68     0.04294    -0.04765       47.29     0.09738    -0.05218       9.338     0.04275    -0.04743        9.65     0.02621    -0.02789       0.706      0.1774     0.09013      0.3437     0.08638     0.04387
         4.2        7020       793.7        6251       750.4       44.76      0.9736        46.6       0.031    -0.03338        47.2     0.09715    -0.05168       9.799     0.08853     -0.1113       9.628     0.09345     -0.1192      0.1992     0.04994     0.02517      0.2952       0.074      0.0373
        4.26        4904       479.4        2942       177.9       44.55      0.9695       45.95      0.1006     -0.1312       46.55      0.0998    -0.05728       9.146     0.07789    -0.09499       8.632     0.05016    -0.05671      0.2033     0.05252     0.02866      0.6636      0.1715     0.09356
        5.28        2913       369.9        4471       256.6        44.9      0.9694       46.57     0.08629     -0.1078       47.17     0.09898    -0.05559       9.018     0.09841     -0.1274        9.32     0.04751    -0.05335       1.119      0.2864      0.1528      0.5579      0.1428     0.07618
        4.42        2647       48.33        3580       77.65        45.1      0.9549       46.48     0.07601    -0.09219       47.08     0.09848    -0.05455       8.887     0.01617     -0.0168        9.08     0.01894     -0.0198       1.229      0.3129      0.1645      0.7891      0.2009      0.1056
         4.4        5235       466.8        5419         289       44.51      0.9683        46.3     0.09796     -0.1267        46.9     0.09964    -0.05694       9.385      0.0716    -0.08578       9.345      0.0446    -0.04971      0.2589     0.06675     0.03626      0.2839      0.0732     0.03977
        4.37        8846        1006        5980       378.2       44.21      0.9731       46.39     0.06129    -0.07138          47      0.0979    -0.05332       9.892     0.08905     -0.1121       9.482     0.05178    -0.05881      0.1007     0.02547     0.01316       0.259     0.06548     0.03382
        4.72        2856       248.9        6696       585.6       44.35      0.9746       46.54     0.07194    -0.08627       47.14     0.09831    -0.05418       8.989     0.06987     -0.0833       9.659     0.07009    -0.08363       1.136      0.2885      0.1509      0.2427     0.06165     0.03224
        4.31        2687       121.2        2071       111.8       44.64      0.9642       46.35     0.04105    -0.04534       46.95     0.09734    -0.05209       8.835     0.03753    -0.04108       8.539     0.04456    -0.04966       1.044      0.2624      0.1331       2.066      0.5189      0.2632
        4.37        4974       285.9        6909       573.5       44.21      0.9688       46.25      0.0486    -0.05473       46.85     0.09752    -0.05248       9.316     0.04728    -0.05306       9.532     0.06671    -0.07886       0.273     0.06873     0.03507      0.1662     0.04185     0.02135
        4.33        3091         176        3251       668.1       44.22      0.9681       46.06     0.06914    -0.08227       46.66     0.09819    -0.05394       8.801     0.04697    -0.05268       8.775      0.1495     -0.2299      0.5737      0.1455     0.07586       0.609      0.1545     0.08053
        4.97        2324        1281        3193       441.3       43.79       0.984       46.19     0.04706    -0.05278       46.79     0.09748     -0.0524       8.622      0.3227       -1000       8.828       0.106     -0.1405       1.166      0.2935      0.1496      0.7261      0.1827      0.0931
        5.36        6205        2369        4587       258.6       44.51       0.983       46.25     0.04586    -0.05128       46.85     0.09745    -0.05233       9.507      0.2464     -0.6264       9.174     0.04642    -0.05198      0.1749     0.04399     0.02239      0.3759     0.09456     0.04814
        3.98        4656       509.8        2516       44.92       44.42      0.9671       46.03     0.05795     -0.0669       46.63     0.09779    -0.05308       9.141     0.08602     -0.1074       8.537     0.01543      -0.016      0.2451     0.06189     0.03186      0.9861       0.249      0.1282
        4.25        4044       745.9        8554       396.4       44.26      0.9705       46.24     0.04433    -0.04937       46.84     0.09741    -0.05225        9.13      0.1364     -0.1999        9.71     0.03851    -0.04226      0.4073      0.1024     0.05208      0.1069     0.02688     0.01367
