#   redshift       sigma    errsigma        fwhm     errfwhm     lumriga     errlumr     lum1350     errlumc        Lbol     Lbolmax     Lbolmin     M_sigma errM_sigmat errM_sigmab      M_FWHM  errM_fwhmt  errM_fwhmb   eddratios    eddrmaxs    eddrmins   eddratiof    eddrmaxf    eddrminf
#
        4.96        5025         792        8090       491.6       45.09      0.4227       47.19    0.002686       47.79      0.1086    -0.05429       9.821       0.119     -0.1645       10.16     0.04981    -0.05627      0.7367      0.1842    -0.09209      0.3339     0.08347    -0.04174
        4.29        4149       360.8        2419       151.6       44.52      0.4214       46.32    0.005135       46.92      0.1086    -0.05429       9.194     0.06964    -0.08297       8.655     0.05129    -0.05816      0.4214      0.1053    -0.05267       1.456       0.364      -0.182
         4.4        3912       202.2        6077       188.8       44.93      0.4177       46.68     0.00353       47.29      0.1086    -0.05429       9.338     0.04274     -0.0474        9.65     0.02618    -0.02786       0.706      0.1765    -0.08825      0.3437     0.08591    -0.04296
         4.2        7020       793.7        6251       750.4       44.76      0.4228        46.6    0.004721        47.2      0.1086    -0.05429       9.799     0.08853     -0.1113       9.628     0.09344     -0.1192      0.1992      0.0498     -0.0249      0.2952      0.0738     -0.0369
        5.28        2913       369.9        4471       256.6        44.9       0.421       46.56    0.007498       47.17      0.1086    -0.05429       9.018     0.09828     -0.1272        9.32      0.0472    -0.05296       1.118      0.2796     -0.1398      0.5577      0.1394    -0.06972
        4.42        2647       48.33        3580       77.65        45.1      0.4147       46.48    0.009094       47.08      0.1086    -0.05429       8.887     0.01558    -0.01616        9.08     0.01844    -0.01926       1.229      0.3073     -0.1536      0.7891      0.1973    -0.09863
        4.37        8846        1006        5980       378.2       44.21      0.4226       46.39    0.003342          47      0.1086    -0.05429       9.892     0.08902     -0.1121       9.482     0.05172    -0.05872      0.1007     0.02519    -0.01259       0.259     0.06475    -0.03237
        4.31        2687       121.2        2071       111.8       44.64      0.4188       46.35    0.005494       46.95      0.1086    -0.05429       8.835     0.03751    -0.04106       8.539     0.04455    -0.04964       1.044       0.261     -0.1305       2.065      0.5163     -0.2581

