# z 		logbh 	  	  err	      logedd_ratio 
 4.83270        10.047            0.600       -1.104 
 4.32500         9.696            0.133       -0.914 
 4.23550         9.063            0.071        0.025 
 4.13360         9.523            0.628       -0.627 
 4.32730         9.196            0.181       -0.167 
 4.57200         8.347            1.491        0.763 
 4.28320         8.576            0.633        0.358 
 4.75510         8.553            0.133        0.235 
 4.03950         9.440            0.186       -0.521 
 4.07290         9.282            0.533       -0.393 
 4.14790         9.258            0.209       -0.395 
 4.16400         9.661            0.543       -0.988 
 4.33170         8.897            0.472        0.152 
 4.18360         9.541            0.072       -0.353 
 4.13740         9.391            0.170       -0.406 
 4.44880         9.238            0.053        0.245 
 4.72930         8.656            0.169       -0.392 
 4.10200         9.215            0.181       -0.328 
 4.46000        10.643            0.133       -1.102 
 4.04550        10.193            0.143       -1.224 
 4.49190         8.619            0.060        0.483 
 4.08160         9.852            0.048       -0.369 
 4.20970         8.715            0.198       -0.108 
 4.26410         8.806            0.270        0.248 
 4.16790         8.926            1.054       -0.716 
 4.49540         9.360            0.158       -0.386 
 4.14810         8.978            0.126       -0.020 
 4.19360         8.726            0.101        0.522 
 4.32570         9.688            0.296       -1.157 
 4.16120         9.403            0.453       -0.582 
 4.03550         8.292            0.103        0.304 
 4.17340         9.390            0.656       -0.304 
 4.02210         9.363            0.062       -0.452 
 4.06780        10.161            0.060       -0.531 
 4.51540         9.618            0.164       -0.561 
 4.14900         8.972            0.537       -0.061 
 4.22990         9.086            0.374        0.012 
 4.18170         8.564            0.084        0.275 
 4.30470         9.653            0.254       -0.845 
 4.72240         9.895            0.326       -0.848 
 4.03130         9.821            0.077       -0.618 
 4.15670         9.662            0.164       -0.469 
 4.21790         9.914            0.131       -1.178 
 4.07480         8.981            0.247       -0.264 
 4.06960         8.857            0.234       -0.195 
 4.04570        10.312            0.400       -1.369 
 4.19080         9.316            0.613       -0.176 
 4.02580         9.284            0.074       -0.270 
 4.24200        10.144            0.303       -1.242 
 4.01810         9.791            0.143       -0.601 
 4.47610         8.987            0.121       -0.495 
 4.50360         9.872            0.567       -0.901 
 4.22920         9.838            0.210       -1.018 
 4.50270         9.085            0.319       -0.187 
 4.36760         8.917            1.680        0.189 
 4.01010         9.565            0.051       -0.476 
 4.79120         9.929            0.087       -1.235 
 4.15410        10.456            0.152       -0.807 
 4.43190         8.968            0.172        0.216 
 4.65920         9.835            0.407       -0.970 
 4.26360         8.768            0.418        0.079 
 4.16270         9.219            0.084        0.120 
 4.19400         8.294            0.254        0.439 
 4.07120        10.327            0.461       -1.762 
 4.03090         9.653            0.172       -0.505 
 4.02820         8.679            0.190        0.103 
 4.05270         9.234            0.332       -0.598 
 4.23580         9.677            0.312       -0.716 
 4.80140        10.080            0.315       -1.096 
 4.29250         9.459            0.273       -0.322 
 4.17000         9.896            0.113       -0.787 
 4.45070         9.396            0.630       -0.388 
 4.34350        10.146            0.150       -1.414 
 4.86150         9.034            0.105        0.042 
 4.68490         9.519            0.237       -0.179 
 4.16270         8.942            0.098       -0.219 
 4.17450         9.587            0.186       -0.551 
 4.01130         9.181            0.129       -0.639 
 4.76700        10.144            0.459       -1.001 
 4.87510         9.997            0.150       -0.817 
 4.00380         9.041            0.124       -0.206 
 4.45620        10.280            0.189       -0.625 
 4.07400         9.202            0.084        0.246 
 4.33810         8.803            0.080        0.165 
 4.92220        10.651            0.401       -1.503 
 4.26500        10.054            0.265       -0.788 
 4.38910         9.827            0.483       -0.601 
 4.23840         8.791            0.077       -0.024 
 4.35750         9.352            0.507       -0.750 
 4.58140        10.163            0.076       -0.639 
 4.15000         9.947            0.181       -0.817 
 4.15910         9.483            0.162       -0.553 
 4.07460         9.505            0.401       -0.764 
 4.33660         9.506            0.331       -0.516 
 4.25490         9.867            0.218       -0.837 
 4.03140         9.087            0.458       -0.425 
 4.37010         9.622            0.199       -0.872 
 4.64120         9.165            0.318       -0.190 
 4.48810        10.227            0.133       -0.900 
 4.59950         8.985            0.093       -0.072 
 4.24780        10.340            0.179       -0.879 
 4.53290         9.363            1.495       -0.505 
 4.39080         9.509            0.466       -0.553 
 4.37580         8.998            0.165        0.016 
 4.35920         9.654            0.345       -0.840 
 4.30530        10.027            0.244       -1.240 
 4.42440         9.857            0.112       -0.940 
 4.44430         9.792            0.321       -0.633 
 4.88470         9.727            0.621       -0.311 
 4.11990         9.710            0.254       -0.978 
 4.37440         9.180            0.648       -0.441 
 4.05180         9.899            0.113       -0.859 
 4.06520         9.445            0.349       -0.420 
 4.52100         9.634            0.368       -0.436 
 4.05350         8.717            0.045        0.297 
 4.25060         9.745            0.099       -0.577 
 4.43580        10.190            0.147       -0.906 
 4.02930         9.467            0.165       -0.448 
 4.36190        10.106            0.058       -0.425 
 4.33890         9.604            0.392       -0.559 
 4.77650         8.346            1.288        0.830 
 4.24810         9.852            0.185       -0.411 
 4.39030         9.947            0.180       -0.515 
 4.54030         9.791            0.787       -0.598 
 4.41860        10.297            0.337       -1.020 
 4.21970         8.755            0.118        0.038 
 4.48820         9.182            0.407       -0.728 
 4.77450         9.321            1.225       -0.462 
 4.46460         9.375            0.109       -0.253 
 4.14730         9.410            0.329       -0.621 
 4.26750         8.932            0.252       -0.228 
 4.74280        10.026            0.485       -0.919 
 4.12410         9.583            0.108       -0.229 
 4.06800         9.979            0.207       -1.171 
 4.49950        10.215            0.186       -1.053 
 4.29220         8.652            0.179        0.411 
 4.21990         9.320            0.069       -0.487 
 4.20730         9.575            0.051       -0.115 
 4.41930        10.248            0.132       -0.821 
 4.06350         9.910            0.177       -0.972 
 4.28540         9.844            0.144       -0.678 
 4.10530         9.248            0.082       -0.269 
 4.33240         8.082            0.799        0.607 
 4.81660         9.577            0.475       -0.628 
 4.55000         9.835            0.194       -0.669 
 4.19400         9.039            0.121       -0.021 
 4.06410         9.089            1.228       -0.027 
 4.77550         9.782            0.103       -0.327 
 4.80070         9.451            0.285       -0.678 
 4.40200         9.192            0.152       -0.217 
 4.03210         8.490            0.381        0.165 
 4.07820         8.665            0.150        0.474 
 4.19580         8.702            0.413        0.165 
 4.45120         9.508            0.158       -0.543 
 4.28210         9.410            0.130       -0.418 
 4.38000        10.397            0.564       -1.369 
 4.15420         8.893            0.546       -0.007 
 4.05000         8.786            0.300        0.300 
 4.27060         9.849            0.146       -0.642 
 4.09190         9.854            0.510       -0.928 
 4.37810         9.527            0.440       -0.671 
 4.26180         8.512            0.094        0.326 
 4.04040         8.655            0.232       -0.016 
 4.51150        10.201            0.159       -0.652 
 4.22820         9.594            0.104       -0.354 
 4.02030         9.600            0.341       -0.974 
 4.58400         9.309            0.153       -0.167 
 4.01990         9.105            0.117       -0.267 
 4.07550         9.261            0.384       -0.496 
 4.10120         9.698            0.160       -0.545 
 4.78930         8.945            0.994        0.305 
 4.20360         9.444            0.341       -0.480 
 4.26990         9.302            0.120       -0.234 
 4.09040         9.916            0.174       -0.943 
 4.13180         9.332            0.147       -0.424 
 4.19200         9.834            0.322       -0.726 
 4.00910         9.701            0.105       -0.677 
 4.13230         8.980            0.233       -0.285 
 4.16860         9.368            0.339       -0.337 
 4.19120         9.105            0.201       -0.160 
 4.04420         9.738            0.159       -0.566 
 4.05170         9.281            0.141       -0.221 
 4.06270         9.400            0.419       -0.581 
 4.19790         9.608            0.063       -0.372 
 4.66030        10.020            0.202       -1.205 
 4.39000         8.070            0.111        0.757 
 4.22700         8.282            1.028        0.485 
 4.04090        10.081            0.416       -1.327 
 4.39000        10.048            0.083       -0.999 
 4.00990         9.513            0.116       -0.537 
 4.17590         9.614            0.158       -0.745 
 4.56020        10.073            0.744       -0.946 
 4.49480         9.422            0.454       -0.650 
 4.00530         9.635            0.057       -0.284 
 4.54210         8.717            0.236       -0.012 
 4.12310         9.115            0.101       -0.181 
 4.40640        10.011            0.270       -0.633 
 4.10640         8.838            0.277        0.149 
 4.71650        10.312            0.242       -1.232 
 4.04610         9.899            0.303       -1.074 
 4.15500        10.383            0.432       -0.824 
 4.58980         9.692            0.286       -0.558 
 4.74790         9.273            0.266       -0.165 
 4.80860         9.061            0.328       -0.094 
 4.79920        10.634            0.378       -0.994 
 4.61600         9.487            0.732       -0.615 
 4.04970        10.114            0.078       -0.397 
 4.06940         8.245            0.094        0.220 
 4.33880         8.287            0.766        0.530 
 4.55790        10.214            0.508       -1.216 
 4.85930         9.464            0.235       -0.545 
 4.15000        10.471            0.324       -1.682 
 4.14840         9.678            0.269       -0.592 
 4.08610         8.427            0.823        0.338 
 4.33640         9.593            0.077       -0.087 
 4.47810         9.746            0.077       -0.587 
 4.02680         9.331            0.078        0.108 
 4.22700        10.227            0.063       -0.617 
 4.15860         8.686            0.095        0.030 
 4.26990         9.594            0.104       -0.747 
 4.01880         8.258            0.258        0.621 
 4.05600         9.724            0.021        0.162 
 4.31390        10.533            0.316       -1.457 
 4.14750         8.216            0.114        0.186 
 4.00090         9.599            0.105       -0.800 
 4.74390         9.365            0.644       -0.188 
 4.13720         9.806            0.453       -0.706 
 4.11930         8.843            0.526        0.006 
 4.01340         8.330            0.199        0.378 
 4.23480         8.731            0.758        0.407 
 4.21580         9.382            0.269       -0.539 
 4.51680         8.697            0.242        0.075 
 4.12970         9.560            0.213       -0.429 
 4.50870        10.227            0.369       -1.189 
 4.25530         9.990            0.216       -1.696 
 4.56250         8.679            0.164        0.647 
 4.03100         8.790            1.415        0.177 
 4.10350         9.240            0.342       -0.394 
 4.18540         9.310            0.432       -0.228 
 4.57490         9.772            0.331       -0.828 
 4.40290         9.665            0.187       -0.420 
 4.22380         9.081            0.241       -0.444 
 4.45200         9.620            0.535       -0.811 
 4.07630         9.369            0.130       -0.582 
 4.44980         8.487            0.933        0.639 
 4.13770         9.377            0.283       -0.690 
 4.52810         9.601            0.689       -0.609 
 4.01550         9.145            0.115       -0.003 
 4.38290         9.924            0.323       -0.918 
 4.07210         8.941            0.258       -0.742 
 4.13560         9.579            0.076       -0.559 
 4.88140         9.405            0.334       -0.362 
 4.45500         9.175            0.632        0.028 
 4.00810         9.333            0.212       -0.386 
 4.94260        10.779            0.278       -1.300 
 4.15680         9.908            0.096       -0.749 
 4.39380         9.017            0.149        0.144 
 4.08330        10.210            0.319       -1.267 
 4.53690        10.374            0.229       -1.428 
 4.08820         9.536            0.092       -0.833 
 4.18200         8.632            1.221        0.134 
 4.45190         9.756            0.147       -0.662 
 4.03480         9.746            0.203       -0.621 
 4.37710         9.268            0.358       -0.422 
 4.26630         9.914            0.095       -0.412 
 4.14670         8.725            0.060        0.025 
 4.33950         9.287            0.313       -0.248 
 4.46950         9.714            0.082       -0.413 
 4.09460         9.891            0.249       -0.908 
 4.88520         9.960            0.498       -0.960 
 4.05120         8.453            0.087        0.194 
 4.10450        10.258            0.071       -0.705 
 4.39980         8.698            0.809       -0.031 
 4.03550         9.924            0.423       -1.161 
 4.02610         9.864            0.173       -0.872 
 4.13690         9.163            0.607       -0.428 
 4.41950         9.346            0.284       -0.177 
 4.18420         9.789            0.369       -0.657 
 4.62410         8.637            0.135        0.331 
 4.29330         9.541            0.659       -0.504 
 4.53750         8.840            0.247        0.061 
 4.29790         9.831            0.073       -0.515 
 4.81410         9.970            0.087       -0.593 
 4.23540         9.443            0.087       -0.313 
 4.04690         9.589            0.098       -0.178 
 4.84910         8.522            1.838        0.256 
 4.10730         9.380            0.203        0.025 
 4.26130         9.175            0.965       -0.229 
 4.66420         9.816            0.374       -0.592 
 4.47110         9.357            0.675       -0.069 
 4.05750         9.070            0.167       -0.585 
 4.81840         8.441            0.522        0.306 
 4.33570         9.684            0.504       -0.861 
 4.10080         9.720            0.337       -0.733 
 4.37010         9.527            0.167       -0.628 
 4.12410         8.685            0.096        0.019 
 4.34060        10.042            0.270       -0.692 
 4.02370         9.620            0.355       -1.100 
 4.26600        10.530            0.318       -1.599 
 4.09460         9.571            0.304       -0.612 
 4.34730         9.581            0.046       -0.596 
 4.16590         9.140            0.192       -0.132 
 4.79650         9.072            1.176        0.130 
 4.32000        10.039            0.574       -0.808 
 4.25330         9.907            0.072       -0.443 
 4.81500         8.881            0.245       -0.157 
 4.18030         9.275            0.459       -0.391 
 4.57660         8.477            0.604        0.328 
 4.30430         8.829            0.031        0.269 
 4.04120         9.918            0.148       -0.781 
 4.15580         9.771            0.177       -0.691 
 4.07390         9.296            0.425       -0.509 
 4.00820         9.601            0.095       -0.969 
 4.09500         9.761            0.298       -0.719 
 4.09710        10.071            0.119       -0.633 
 4.07110         9.321            0.289       -0.700 
 4.13780        10.121            0.045       -0.297 
 4.06270         9.829            0.275       -0.718 
 4.33810         8.956            0.166        0.490 
 4.09610         8.703            0.930        0.396 
 4.89540         8.556            1.368        0.538 
 4.73500         9.986            0.500       -0.893 
 4.12870         9.764            0.329       -0.723 
 4.78220        10.150            0.090       -0.989 
 4.29260         8.425            0.047        0.588 
 4.77130         8.230            0.570        0.463 
 4.70680         9.892            0.168       -0.511 
 4.12500         9.409            0.162       -0.500 
 4.64790         9.768            0.127       -0.583 
 4.29690         8.364            0.118        0.135 
 4.10430         8.812            0.221       -0.018 
 4.05730         9.729            0.172       -0.822 
 4.25150         8.437            0.447        0.092 
 4.02280         9.489            0.484       -0.595 
 4.80550         8.584            1.237        0.532 
 4.07680         9.479            0.148       -0.662 
 4.54810         9.794            0.119       -1.103 
 4.29460         9.067            0.316       -0.295 
 4.26780         9.549            0.135       -0.195 
 4.24000         9.402            0.436       -0.646 
 4.65760         8.974            0.380       -0.161 
 4.20210         9.096            0.107       -0.102 
 4.01990         9.519            0.147       -0.436 
 4.58560         9.625            0.247       -0.658 
 4.39500         8.940            0.523        0.167 
 4.08560         8.869            0.210        0.126 
 4.11700        10.279            0.115       -0.684 
 4.04780         9.332            0.307       -0.757 
 4.12960         9.624            0.384       -0.632 
 4.11840         9.511            0.352       -0.437 
 4.03540         9.329            0.048       -0.416 
 4.42170         9.151            0.366       -0.584 
 4.88080         9.293            0.324       -0.159 
 4.60260         9.805            0.376       -0.674 
 4.17500         8.409            0.282        0.538 
 4.64000         8.331            1.822        0.769 
 4.24380         9.099            0.539       -0.579 
 4.02250         8.472            0.510        0.248 
 4.48240         9.678            0.450       -0.740 
 4.70640         9.541            0.785       -0.595 
 4.63530         9.159            0.300       -0.044 
 4.00190         9.020            0.431       -0.422 
 4.01760         9.323            0.133       -0.213 
 4.02490         9.165            0.028       -0.008 
 4.10050        10.072            0.067       -0.642 
 4.05820         9.698            0.170       -1.357 
 4.20810        10.516            0.252       -0.878 
 4.09620        10.028            0.242       -1.043 
 4.22030         9.794            0.185       -0.665 
 4.55140         9.680            0.135       -0.429 
 4.30330         9.149            0.370       -0.407 
 4.52930         9.249            0.325       -0.351 
 4.05670         8.847            0.273        0.091 
 4.57980         8.928            0.725        0.116 
 4.76180         9.405            0.487       -0.328 
 4.81290         9.492            0.503       -0.408 
 4.61840        10.056            0.178       -0.893 
 4.25330         9.763            0.231       -0.742 
 4.06560         9.690            0.181       -0.610 
 4.61640        10.108            0.575       -1.191 
 4.33180         8.228            0.289        0.900 
 4.24490         9.953            0.165       -0.922 
 4.32390         9.452            0.116       -0.412 
 4.34760         9.564            0.235       -0.682 
 4.04220         9.528            0.369       -0.796 
 4.64280         8.589            0.492        0.349 
 4.88380         9.299            1.630       -0.322 
 4.20880         8.851            0.088        0.137 
 4.01790         9.790            0.104       -0.668 
 4.12650        10.518            0.175       -1.360 
 4.06510         9.374            0.133       -0.303 
 4.01690        10.089            0.139       -0.780 
 4.13340         9.303            0.528       -0.458 
 4.15400        10.493            0.459       -1.623 
 4.64330         9.353            0.485       -0.560 
 4.05750         8.976            0.110       -0.050 
 4.15680         8.627            0.836        0.419 
 4.08970         9.593            0.184       -0.831 
 4.27030         8.060            0.137        0.380 
 4.16610         8.193            1.069        0.740 
 4.05670         9.289            0.432       -0.488 
 4.06390         9.394            0.117       -0.560 
 4.35240        10.031            0.155       -0.994 
 4.52120         9.220            0.217        0.048 
 4.03870         9.817            0.415       -0.624 
 4.21720         9.782            0.765       -0.981 
 4.34960         9.175            0.315       -0.331 
 4.58990         9.417            0.513       -0.232 
 4.62630         9.873            0.450       -0.872 
 4.02590         8.641            0.476       -0.076 
 4.25000         9.215            0.381       -0.261 
 4.43320         9.023            0.151       -0.459 
 4.79220        10.326            0.393       -1.792 
 4.06100         9.985            0.090       -0.491 
 4.03630         9.035            0.178       -0.092 
 4.40390         9.409            0.301       -0.524 
 4.26540         9.608            0.231       -0.784 
 4.55300         9.635            0.063       -0.124 
 4.26780         8.684            0.481        0.259 
 4.07280         9.673            0.310       -0.784 
 4.28500         9.118            0.561       -0.698 
 4.31480         8.310            1.875        0.528 
 4.03740         9.542            0.181       -0.691 
 4.15740         9.068            0.354       -0.452 
 4.25540         8.457            0.113        0.382 
 4.12720         9.902            0.069       -0.690 
 4.05220        10.042            0.189       -0.778 
 4.18540         9.351            0.193       -0.308 
 4.36160        10.013            0.989       -0.913 
 4.04580         8.388            1.070        0.421 
 4.69480        10.064            0.153       -1.177 
 4.40210        10.129            0.578       -1.153 
 4.24530         9.451            0.190       -0.341 
 4.12000         8.304            0.063        0.635 
 4.89250         9.253            0.440       -0.023 
 4.42280         9.598            0.061       -0.670 
 4.35870         9.718            0.235       -0.576 
 4.72970         8.961            0.530        0.198 
 4.09380         9.621            0.772       -0.723 
 4.78020         9.393            0.258       -0.426 
 4.44260         9.484            0.110       -0.416 
 4.57880        10.470            0.131       -0.967 
 4.83050         9.896            0.285       -0.738 
 4.50790         9.566            0.566       -0.648 
 4.78530         9.107            0.514       -0.214 
 4.05720         9.581            0.277       -0.622 
 4.55760        10.063            0.128       -0.939 
 4.28900         9.757            0.241       -0.600 
 4.37650         9.150            0.233       -0.152 
 4.64280        10.442            0.316       -1.195 
 4.23060         9.724            0.447       -0.759 
 4.46530         9.774            0.079       -0.459 
 4.06840         9.359            0.952       -0.457 
 4.23240         9.388            0.378       -0.922 
 4.50470         9.948            0.701       -0.803 
 4.11470         9.546            0.088       -0.385 
 4.03580         9.469            0.055       -0.334 
 4.54300         9.443            0.276       -0.315 
 4.63890        10.493            0.071       -1.455 
 4.88250         9.806            0.500       -0.750 
 4.27670         9.123            0.117       -0.421 
 4.11220         8.857            0.379       -0.649 
 4.08350         8.998            0.357        0.045 
 4.10900         8.382            1.071        0.331 
 4.55190         8.505            0.073        0.553 
 4.10400         9.659            0.074       -0.321 
 4.00880         9.089            0.111       -0.122 
 4.51860        10.314            0.621       -1.216 
 4.03860         8.757            0.069        0.186 
 4.03430         9.589            0.036        0.103 
 4.31630        10.169            0.273       -1.128 
 4.26870         8.999            0.116        0.057 
 4.50160        10.138            0.363       -1.210 
 4.89150         9.898            0.366       -0.543 
 4.11030         8.971            1.429        0.264 
 4.08950         9.394            0.274       -0.616 
 4.09960         9.947            0.295       -1.093 
 4.40960         9.502            0.430       -0.674 
 4.10980         9.369            0.932       -0.392 
 4.11920         9.040            0.606        0.031 
 4.23040         8.844            0.091       -0.249 
 4.13660         8.752            0.487        0.214 
 4.72870         9.002            0.522       -0.170 
 4.12010         9.781            0.161       -0.625 
 4.31530         9.314            1.206       -0.414 
 4.19310         7.993            1.658        0.618 
 4.89040        10.561            0.284       -1.590 
 4.08840         9.319            0.558       -0.672 
 4.25860         8.898            0.041        0.336 
 4.56770         8.637            0.129        0.039 
 4.50250         9.019            0.473       -0.021 
 4.22430         8.347            0.169        0.562 
 4.32620         9.928            0.231       -1.007 
 4.13750         8.458            0.138        0.182 
 4.29350        10.012            0.112       -0.480 
 4.25270         9.176            0.076        0.067 
 4.03600         9.237            0.335       -0.389 
 4.51050        10.074            0.220       -1.275 
 4.72270         9.182            0.727       -0.602 
 4.21370         8.369            0.426        0.667 
 4.03070         9.258            0.121       -0.152 
 4.04030         9.107            0.201       -0.167 
 4.05710        10.079            0.433       -1.287 
 4.87120         9.913            0.856       -1.147 
 4.00920         9.680            0.129       -0.825 
 4.03540         9.662            0.179       -0.632 
 4.10680        10.006            0.366       -1.038 
 4.31320         8.297            0.302        0.293 
 4.33450        10.274            0.055       -1.600 
 4.06950         9.508            0.117       -0.545 
 4.51180         8.693            0.185        0.208 
 4.09880         9.317            0.152       -0.657 
 4.15830         9.902            0.189       -0.952 
 4.32080         8.786            0.565       -0.112 
 4.43710        10.431            0.488       -1.689 
 4.27900         8.906            0.165       -0.242 
 4.11070         9.465            0.152       -0.637 
 4.04670         8.716            0.207        0.086 
 4.62500        10.142            0.152       -1.391 
 4.10950         9.260            0.129       -0.405 
 4.10660         8.380            0.803        0.232 
 4.33150         9.422            0.239       -0.320 
 4.24380         8.558            0.068       -0.549 
 4.38820        10.083            0.510       -1.265 
 4.16250         9.365            0.213       -0.498 
 4.16950         8.945            0.311       -0.425 
 4.59940         9.607            0.063       -0.413 
 4.05200         9.796            0.085       -0.830 
 4.39520         9.570            0.286       -0.646 
 4.34630         9.816            0.244       -1.016 
 4.90850        10.364            0.317       -0.982 
 4.26880         9.355            0.464       -0.686 
 4.07080         9.687            0.079       -0.531 
 4.32960         9.306            0.134       -0.318 
 4.59140         9.017            0.295        0.067 
 4.75050         8.966            0.306        0.218 
 4.11170         9.955            0.091       -0.522 
 4.27300         9.228            0.887       -0.363 
 4.49050         8.515            0.320        0.299 
 4.29180         9.570            0.349       -0.394 
 4.72310         8.688            0.110        0.257 
 4.61320         9.593            0.248       -0.183 
 4.04100         9.539            0.136       -0.419 
 4.06420         9.486            0.218       -0.585 
 4.12320         8.656            0.231        0.196 
 4.10270         9.855            0.189       -0.533 
 4.06790         8.837            0.108        0.325 
 4.82880        10.121            0.487       -0.972 
 4.04540         9.034            0.204       -0.087 
 4.43570         9.884            0.303       -0.604 
 4.01090         9.494            0.151       -0.720 
 4.27870         9.327            0.145       -0.229 
 4.78560         8.823            0.779        0.022 
 4.02010         9.739            0.283       -0.965 
 4.08550        10.427            0.097       -1.071 
 4.08930         9.603            0.225       -0.550 
 4.10830         8.523            0.102        0.186 
 4.11120         9.615            0.174       -0.624 
 4.02830         9.131            0.060       -0.246 
 4.69210         9.881            0.224       -0.529 
 4.26810         8.322            0.046        0.659 
 4.51140         9.745            0.193       -0.713 
 4.22660         9.537            0.070       -0.205 
 4.15670         9.306            0.077        0.023 
 4.46090        10.257            0.079       -0.648 
 4.21820         9.830            0.257       -1.017 
 4.22680         9.452            0.296       -0.449 
 4.61230         9.288            0.570       -0.598 
 4.01330         9.443            0.403       -0.612 
 4.28820         9.376            0.116       -0.312 
 4.32220         8.885            0.116        0.164 
 4.32640         9.895            0.130       -0.765 
 4.25660         9.906            0.175       -0.889 
 4.84910        10.402            0.239       -1.314 
 4.55750         9.059            0.484       -0.206 
 4.58440         9.838            0.225       -0.909 
 4.81610         9.148            0.104       -0.182 
 4.38000         9.446            0.139       -0.318 
 4.19420         9.532            0.149       -0.669 
 4.82110         9.012            0.129        0.349 
 4.27200         9.230            0.188       -0.464 
 4.04530         9.764            0.212       -0.969 
 4.31350         8.313            0.478        0.088 
 4.21350        10.320            0.077       -1.315 
 4.05750         9.475            0.596       -0.535 
 4.23320         9.593            0.436       -0.754 
 4.71620         9.328            0.474       -0.308 
 4.35250         9.874            0.301       -0.644 
 4.50410         9.631            0.485       -0.492 
 4.15410         9.600            0.102       -0.490 
 4.51980         8.174            1.471        0.685 
 4.03740         9.270            0.111       -0.009 
 4.02700         8.961            0.560       -0.185 
 4.03510         9.880            0.084       -0.688 
 4.06100         9.737            0.221       -0.817 
 4.41190         9.455            0.071       -0.115 
 4.02710         9.966            0.077       -0.763 
 4.83610        10.104            0.412       -1.015 
 4.14100         9.908            0.248       -0.661 
 4.13480        10.272            0.174       -0.476 
 4.52310         9.324            0.246       -0.337 
 4.63180         9.341            0.647       -0.441 
 4.81100         8.868            0.168       -0.280 
 4.69450         9.509            0.188       -0.556 
 4.13970         9.211            0.120       -0.659 
 4.40470         9.200            0.580       -0.432 
 4.14220         9.445            0.968       -0.601 
 4.73410         8.797            0.198        0.251 
 4.66210         9.172            0.583       -0.127 
 4.33200         9.797            0.563       -0.736 
 4.85470         8.571            0.133        0.481 
 4.51560         9.966            0.236       -1.051 
 4.42190         9.424            0.386       -0.596 
 4.13880        10.066            0.187       -1.056 
 4.32660         8.666            0.102        0.264 
 4.16180         9.614            0.081       -0.376 
 4.04780         9.698            0.224       -0.739 
 4.13280         9.265            0.276       -0.544 
 4.15160         9.249            0.228       -0.215 
 4.02300         8.640            0.283       -0.038 
 4.45780         9.388            0.121       -0.379 
 4.02180         9.165            0.258       -0.285 
 4.04510         9.732            0.069       -0.647 
 4.17300         9.782            0.362       -0.946 
 4.19280         9.835            0.100       -0.610 
 4.57610         8.384            1.962        0.581 
 4.58290         9.693            0.572       -0.733 
 4.24440         8.712            1.714        0.154 
 4.40640         9.950            0.325       -0.876 
 4.67000        10.397            0.087       -1.021 
 4.02840         8.234            0.128        0.172 
 4.05350         9.856            0.220       -0.784 
 4.84980         9.707            0.381       -0.896 
 4.22000         8.440            0.338        0.510 
 4.23020         8.844            0.254       -0.097 
 4.08170        10.141            0.700       -1.290 
 4.71350         9.827            0.445       -0.744 
 4.13690         8.698            0.416        0.227 
 4.34000         9.093            0.746       -0.686 
 4.00160         9.508            0.451       -0.411 
 4.30780        10.038            0.116       -0.654 
 4.51000        10.347            0.103       -0.500 
 4.47130         9.212            0.242       -0.597 
 4.79390         9.575            0.426       -0.608 
 4.57340         9.958            0.622       -1.120 
 4.20850         9.645            0.210       -0.603 
 4.43660         9.054            0.857        0.017 
 4.04590         9.436            0.296       -0.236 
 4.36220         9.859            0.040       -0.382 
 4.05830         8.848            0.340        0.053 
 4.73030         8.450            0.479        0.670 
 4.25960         9.462            0.159       -0.331 
 4.21640         9.017            0.078        0.179 
 4.66750        10.318            0.209       -1.355 
 4.20970         9.063            0.279       -0.068 
 4.12450         9.047            0.129       -0.413 
 4.41970         8.921            0.520        0.112 
 4.56180        10.108            0.420       -0.886 
 4.09490         9.019            0.132        0.045 
 4.27350         9.201            0.128       -0.367 
 4.22470         9.656            0.213       -0.728 
 4.23040         9.905            0.322       -0.895 
 4.17100         9.311            0.308       -0.397 
 4.01680         9.622            0.391       -0.393 
 4.12280         9.770            0.169       -0.712 
 4.44150         9.992            0.114       -0.517 
 4.13480         8.865            0.269       -0.374 
 4.13530         9.761            0.185       -0.650 
 4.07390         9.036            0.369       -0.497 
 4.04560         8.624            0.149        0.331 
 4.16100        10.200            0.154       -0.640 
 4.69630         9.856            0.943       -0.768 
 4.20340         9.545            0.114       -0.640 
 4.05240         8.600            0.585        0.430 
 4.90010         9.820            0.123       -1.250 
 4.21240         9.561            0.141       -0.390 
 4.45900        10.111            1.003       -0.719 
 4.05850         9.096            0.067       -0.241 
 4.78050        10.107            0.450       -1.338 
 4.03660         9.624            0.155       -0.363 
 4.05730         9.746            0.101       -0.596 
 4.54250         9.719            0.289       -0.977 
 4.23870         9.792            0.274       -1.015 
 4.30960         9.686            0.227       -0.737 
 4.03700         9.635            0.093       -0.561 
 4.46660         9.859            1.218       -0.708 
 4.32940         9.615            0.154       -0.549 
 4.21370         9.677            0.112       -0.777 
 4.07650         8.674            0.189        0.229 
 4.13810         9.519            0.083       -0.329 
 4.87380         9.409            0.285       -0.518 
 4.24530         8.355            0.690        0.244 
 4.45240         9.031            0.324        0.044 
 4.31250         9.932            0.204       -0.417 
 4.16020         9.002            0.217       -0.300 
 4.58630        10.409            0.147       -1.177 
 4.16200         9.521            0.108       -1.085 
 4.18230         9.181            0.148       -0.350 
 4.23720         9.579            0.142       -0.821 
 4.28920         9.214            0.115       -0.380 
 4.43350         9.707            0.182       -0.508 
 4.56400         8.148            0.285        0.735 
 4.03410         9.284            0.180       -0.338 
 4.90700         9.841            0.480       -0.362 
 4.07540         9.340            0.406       -0.502 
 4.55610         9.884            0.351       -0.531 
 4.10540         8.871            0.162        0.044 
 4.23540         9.631            0.136       -0.619 
 4.22220         9.915            0.244       -0.824 
 4.02710         8.630            0.071        0.309 
 4.22690         9.496            0.417       -0.831 
 4.23840         9.009            1.823       -0.132 
 4.03820         8.675            0.155        0.062 
 4.35950         8.559            0.123       -0.019 
 4.80190        10.445            0.277       -1.043 
 4.71780         9.584            0.216       -0.173 
 4.05740         9.488            0.199       -0.592 
 4.12170         9.880            0.099       -0.956 
 4.30810         9.295            0.229       -0.539 
 4.34420         8.232            0.102        0.532 
 4.64100         8.355            0.177        0.266 
 4.83400        10.076            0.366       -1.322 
 4.55990         8.663            0.195        0.258 
 4.31790         9.000            0.039        0.175 
 4.15900         9.952            0.410       -0.912 
 4.27000         9.331            0.305       -0.429 
 4.12800         8.983            0.281       -0.250 
 4.30030         9.772            0.171       -0.690 
 4.14130         9.042            0.143       -0.072 
 4.72140        10.802            0.138       -1.156 
 4.19510         9.168            0.409       -0.185 
 4.01260         8.654            0.218        0.234 
 4.77410        10.296            0.441       -1.342 
 4.33340         9.995            0.179       -0.696 
 4.29140         8.566            0.115        0.388 
 4.71740         9.590            0.265       -0.668 
 4.85140        10.357            0.339       -1.199 
 4.00400         9.584            0.116       -0.683 
 4.36910        10.032            0.247       -1.099 
 4.24730         9.055            0.185       -0.347 
 4.27110         9.303            0.445        0.076 
 4.61060        10.384            0.067       -0.482 
 4.43730        10.565            0.583       -1.201 
 4.30350         9.052            0.193       -0.150 
 4.36140         9.506            0.113       -0.451 
 4.77200         8.682            0.371        0.295 
 4.00980         9.447            0.323       -0.806 
 4.28890        10.000            0.160       -0.886 
 4.33150         9.440            0.177       -0.596 
 4.00910         9.228            0.216       -0.239 
 4.44300        10.219            0.116       -0.811 
 4.27740        10.339            0.064       -0.587 
 4.51800         8.904            1.106        0.448 
 4.32620         9.097            0.170       -0.139 
 4.30270         9.722            1.109       -0.669 
 4.17880         9.814            0.291       -0.739 
 4.09510         9.536            0.155       -0.616 
 4.16080         9.462            0.566       -0.307 
 4.02710         8.785            0.128        0.105 
 4.68640         8.330            0.262        0.483 
 4.68780         9.324            0.091        0.120 
 4.25220         8.398            0.219        0.584 
 4.24800        10.325            0.277       -1.334 
 4.48080         9.574            0.175       -0.349 
 4.11710         9.807            0.060       -0.439 
 4.01620        10.636            0.228       -1.551 
 4.02650         8.928            1.503       -0.050 
 4.02450         9.809            0.182       -0.786 
 4.13340         9.393            0.334       -0.362 
 4.21850         9.837            0.410       -0.861 
 4.56800         8.276            0.244        0.496 
 4.24890        10.456            0.212       -1.317 
 4.26040         9.889            0.174       -0.738 
 4.23150         9.286            0.093       -0.261 
 4.26900         9.928            0.549       -1.002 
 4.35620         9.713            0.345       -0.693 
 4.04090         9.915            0.150       -0.435 
 4.64290        10.145            0.286       -0.731 
 4.00340         9.193            0.466       -0.310 
 4.27640         9.463            0.099       -0.307 
 4.22860         9.274            0.292       -0.588 
 4.10000         9.200            1.513       -0.510 
 4.31180         9.398            0.309       -0.667 
 4.34370         9.739            0.127       -0.602 
 4.38440         9.391            0.376       -0.469 
 4.48000         8.271            0.461        0.751 
 4.31800         9.659            0.348       -0.686 
 4.31110         9.545            0.436       -0.540 
 4.49980         9.395            0.103       -0.407 
 4.12340         8.996            0.116       -0.168 
 4.69380        10.025            0.187       -0.734 
 4.02820         9.107            0.137       -0.189 
 4.00310         9.678            0.436       -0.979 
 4.88330         9.454            0.161       -0.483 
 4.01400         8.749            0.205       -0.193 
 4.07430         9.653            0.208       -0.960 
 4.02560         9.260            0.095       -0.775 
 4.03160         9.422            0.286       -0.501 
 4.30870         8.517            0.388        0.467 
 4.28070         9.537            0.172       -0.450 
 4.44240         9.508            0.354       -0.567 
 4.68650         9.563            0.267       -0.415 
 4.09270         8.593            0.201        0.201 
 4.66730         9.392            0.743       -0.299 
 4.03890         8.080            0.162        0.653 
 4.63320         9.982            0.105       -1.129 
 4.10190         9.415            0.085       -0.141 
 4.68050         9.632            0.550       -0.659 
 4.23960         8.915            0.140        0.055 
 4.35510         9.934            0.090       -0.916 
 4.48380         8.887            0.053        0.524 
 4.12340         9.284            0.561       -0.316 
 4.32920        10.272            0.418       -0.890 
 4.40450         8.805            0.455        0.073 
 4.08960        10.215            0.173       -0.845 
 4.48020         9.431            0.491       -0.424 
 4.80990         8.491            1.453        0.467 
 4.42090         9.893            0.177       -0.877 
 4.24260         8.537            0.187        0.153 
 4.63890        10.010            0.540       -0.963 
 4.42070         9.042            1.074       -0.186 
 4.23180        10.048            0.273       -1.050 
 4.05180         9.441            0.275       -0.610 
 4.41230         9.602            0.510       -0.633 
 4.18300        10.041            0.377       -1.167 
 4.20240         9.822            0.107       -0.534 
 4.41700        10.171            0.109       -0.514 
 4.45490        10.570            0.293       -1.387 
 4.01920         9.987            0.101       -1.496 
 4.81020         8.513            0.432        0.419 
 4.11500         8.901            0.167       -0.090 
 4.19000         9.703            0.180       -0.451 
 4.88140         9.261            0.335       -0.412 
 4.43740         9.195            0.351       -0.253 
 4.08200         9.787            0.138       -0.819 
 4.41430         9.565            0.520       -0.134 
 4.60210        10.568            0.253       -1.490 
 4.09510         8.793            0.115        0.114 
 4.15040         9.582            0.189       -0.578 
 4.10210         8.535            0.098        0.316 
 4.04660         9.555            0.156       -0.488 
 4.72140        10.138            0.128       -1.298 
 4.55510        10.114            0.160       -1.111 
 4.09050         9.387            0.403       -0.728 
 4.24190         9.881            0.433       -1.023 
 4.10480         9.608            0.293       -0.648 
 4.32670         9.471            0.465       -0.701 
 4.61180        10.441            0.079       -0.649 
 4.02480         9.108            0.110       -0.074 
 4.06740         8.444            0.079       -0.116 
 4.14340         9.732            0.114       -0.640 
 4.70060         8.092            0.561        0.333 
 4.12720        10.178            0.064       -0.972 
 4.01260         9.057            0.082        0.044 
 4.41810        10.344            0.144       -1.473 
 4.41450         9.463            0.256       -0.787 
 4.39240         9.829            0.263       -0.496 
 4.07220        10.026            0.200       -0.981 
 4.74180        10.194            0.423       -1.355 
 4.46050        10.296            0.102       -0.820 
 4.66500         9.691            0.251       -0.870 
 4.92180         8.860            0.207        0.365 
 4.47500         9.344            0.075        0.156 
 4.13660         8.903            0.616        0.138 
 4.55060         8.905            0.344        0.088 
 4.79830        10.020            0.226       -0.786 
 4.07950         9.782            0.229       -0.816 
 4.06270         8.957            0.643       -0.345 
 4.54480         8.795            0.162        0.567 
 4.02400         9.079            0.318       -0.163 
 4.03780         8.962            0.760        0.023 
 4.03830         9.561            0.226       -0.325 
 4.10040         9.554            0.269       -0.784 
 4.06790         9.625            0.299       -0.913 
 4.53560         8.883            0.226        0.286 
 4.29860         8.536            0.207        0.289 
 4.87200        10.132            0.127       -0.523 
 4.29910         9.621            0.469       -0.993 
 4.21600         9.104            0.084       -0.121 
 4.70930        10.240            0.574       -1.301 
 4.54240         9.429            0.190       -0.414 
 4.80630         9.294            0.450       -0.370 
 4.34110         9.158            0.155       -0.315 
 4.10310         8.866            0.090        0.078 
 4.61070         8.641            0.214        0.408 
 4.22410         9.144            0.421       -0.397 
 4.49560        10.127            0.168       -0.687 
 4.45490        10.217            0.471       -1.435 
 4.14730         9.607            0.097       -0.515 
 4.06210         9.424            0.548       -0.750 
 4.89090         9.223            0.478        0.362 
 4.51500         9.486            1.449       -0.687 
 4.24250         9.430            0.038        0.095 
 4.40220         8.814            0.465        0.346 
 4.06660         9.361            0.193       -0.633 
 4.14790         9.660            0.101       -0.690 
 4.11480         9.064            0.856       -0.045 
 4.09270         9.526            0.105       -0.252 
 4.33380         9.728            0.045       -0.318 
 4.52870        10.681            0.221       -1.249 
 4.06250         9.952            0.095       -0.630 
 4.55900         9.444            0.375        0.066 
 4.18000         9.580            0.359       -0.599 
 4.10530         8.719            0.080       -0.203 
 4.22950         8.875            0.103       -0.067 
 4.19410         8.848            0.075       -0.242 
 4.02500         9.380            0.214       -0.665 
 4.09230         9.133            0.175       -0.158 
 4.11080         9.120            0.411       -0.036 
 4.02120         9.273            0.187       -0.730 
 4.06220         9.331            0.253       -0.615 
 4.01080         9.065            0.111        0.127 
 4.11990         8.804            1.546        0.208 
 4.11990         9.766            0.129       -1.645 
 4.69750        10.196            0.619       -0.551 
 4.03680         9.669            0.134       -1.172 
 4.37370         9.796            0.151       -0.496 
 4.69630         9.437            0.419       -0.516 
 4.40210         9.830            0.535       -0.814 
 4.24700         9.823            0.176       -0.315 
 4.49310         9.675            0.694       -0.629 
 4.22000         9.509            0.526       -0.797 
 4.53060         9.475            0.291       -0.446 
 4.12690         9.108            0.122       -0.726 
 4.61930         9.913            0.234       -1.053 
 4.13180         9.594            0.410       -0.836 
 4.42350         8.854            0.466        0.031 
 4.66860         9.737            0.557       -0.879 
 4.03840         9.576            0.075       -0.345 
 4.91640         9.829            0.594       -0.349 
 4.19120         9.858            0.092       -0.733 
 4.29870         9.739            0.134       -0.524 
 4.00810         9.442            0.239       -0.658 
 4.66260         9.826            0.244       -0.286 
 4.34260         9.432            0.236       -0.556 
 4.18230        10.126            0.440       -0.817 
 4.23630         9.841            0.090       -0.701 
 4.07210        10.174            0.204       -0.994 
 4.30280         8.544            0.097        0.288 
 4.38650        10.328            0.382       -1.235 
 4.04260         8.842            0.649       -0.112 
 4.13840        10.158            0.165       -1.181 
 4.58760         9.993            0.212       -0.364 
 4.12900         9.288            0.240       -0.115 
 4.81720         9.607            0.212       -0.377 
 4.13150         9.451            0.501       -0.136 
 4.44770         9.495            0.265       -0.339 
 4.12670         9.495            0.236       -0.533 
 4.67400         9.537            0.489       -0.667 
 4.34120         9.358            0.488       -0.414 
 4.26690         9.722            0.161       -0.638 
 4.20510         9.158            0.124       -0.333 
 4.71600         9.647            0.467       -0.638 
 4.15670         9.423            0.117       -0.318 
 4.88540        10.781            0.292       -1.291 
 4.28990         9.748            0.406       -0.985 
 4.44800         8.931            1.262        0.550 
 4.03100         9.114            0.216       -0.252 
 4.21380         9.331            0.351       -0.472 
 4.43320         9.856            0.141       -0.536 
 4.65680         9.479            0.685       -0.683 
 4.08850         9.621            0.326       -0.591 
 4.13030         9.203            0.090       -0.540 
 4.08140         9.236            0.294       -0.467 
 4.90400         9.786            0.340       -0.704 
 4.09060         9.483            0.116       -0.673 
 4.06460         8.781            0.065        0.321 
 4.15010         9.181            0.775       -0.361 
 4.30570         9.192            0.122       -0.324 
 4.53370        10.092            0.369       -1.257 
 4.75370         8.665            1.053        0.009 
 4.02480         9.922            0.478       -1.553 
 4.52110         9.852            0.727       -1.094 
 4.11820         9.661            0.263       -1.388 
 4.55950         9.893            0.661       -0.533 
 4.13790         9.402            0.535       -0.612 
 4.12500         9.503            0.163       -0.550 
 4.02190         9.230            1.103       -0.568 
 4.18810         9.129            1.814       -0.537 
 4.00950         9.401            0.483       -0.874 
 4.24240         9.866            0.117       -0.944 
 4.36370         8.687            0.410        0.199 
