GB6J001115+144608 4.964320 4.96720  0.000 -1.000  0.000 -1.000 0.00 	0.000 -1.000  -999.0
GB6J003126+150729 4.290270 4.28320 46.453  0.024 44.468  0.099 2032.13 	8.576  0.633  0.358
GB6J083945+511206 4.402590 4.39030 46.952  0.034 45.002  0.150 7266.53 	9.947  0.180  0.515
GB6J091825+063722 4.217040 4.19200 46.627  0.028 44.758  0.109 7771.63 	9.834  0.322  -0.726
GB6J102623+254255 5.277460 5.30350  0.000 -1.000  0.000 -1.000 0.00 	0.000 -1.000  -999.0
GB6J132512+112338 4.417710 4.41190 46.860  0.013 45.425  0.039 4362.52 	9.455  0.071  -0.115
GB6J141212+062408 4.328500 4.46660 46.670  0.016 44.289  0.212 7795.70 	9.859  1.218  -0.708
GB6J151002+570256 4.313240 4.30870 46.503  0.047 44.873  0.130 1840.98 	8.517  0.388  0.467







